           0    0.5    0.5  -0.6677331014539400E+00
           0    0.5    1.5   0.6672931014539402E+00
           1    0.5    0.5   0.2230492379338857E+00
           1    0.5    1.5  -0.2204398036865924E+00
           1    1.5    0.5   0.1111683631640661E+01
           1    1.5    1.5   0.4872103776015018E+00
           1    1.5    2.5   0.4003758608723641E+00
           2    1.5    0.5  -0.6672931014539401E+00
           2    1.5    1.5  -0.2931825409075361E+00
           2    1.5    2.5  -0.2397035112078377E+00
           2    2.5    1.5   0.5601877814891121E+00
           2    2.5    2.5   0.3540086143142275E+00
           2    2.5    3.5   0.2859827577659743E+00
           3    2.5    1.5  -0.4003758608723640E+00
           3    2.5    2.5  -0.2531414935310088E+00
           3    2.5    3.5  -0.2041181908021834E+00
           3    3.5    2.5   0.3675974537802557E+00
           3    3.5    3.5   0.2676070576073206E+00
           3    3.5    4.5   0.2224310338179801E+00
           4    3.5    2.5  -0.2859827577659743E+00
           4    3.5    3.5  -0.2082485305175131E+00
           4    3.5    4.5  -0.1729609144589776E+00
           4    4.5    3.5   0.2718491433543962E+00
           4    4.5    4.5   0.2133540317188123E+00
           4    4.5    5.5   0.1819890276692564E+00
           5    4.5    3.5  -0.2224310338179800E+00
           5    4.5    4.5  -0.1746155442040599E+00
           5    4.5    5.5  -0.1489016453274490E+00
           5    5.5    4.5   0.2150975503527836E+00
           5    5.5    5.5   0.1768599572765653E+00
           5    5.5    6.5   0.1539907157201400E+00
           6    5.5    4.5  -0.1819890276692564E+00
           6    5.5    5.5  -0.1496805826274938E+00
           6    5.5    6.5  -0.1303188084886413E+00
           6    6.5    5.5   0.1777127407304563E+00
           6    6.5    6.5   0.1508170577641472E+00
           6    6.5    7.5   0.1334586202907880E+00
           7    6.5    5.5  -0.1539907157201400E+00
           7    6.5    6.5  -0.1307267527911716E+00
           7    6.5    7.5  -0.1156904194131866E+00
           7    7.5    6.5   0.1512881815538570E+00
           7    7.5    7.5   0.1313621002317107E+00
           7    7.5    8.5   0.1177576061389306E+00
           8    7.5    6.5  -0.1334586202907880E+00
           8    7.5    7.5  -0.1159203141893751E+00
           8    7.5    8.5  -0.1039328653455067E+00
           8    8.5    7.5   0.1316472106941736E+00
           8    8.5    8.5   0.1163025204808740E+00
           8    8.5    9.5   0.1053620686506221E+00
           9    8.5    7.5  -0.1177576061389306E+00
           9    8.5    8.5  -0.1040691542576516E+00
           9    8.5    9.5  -0.9430111559526456E-01
           9    9.5    8.5   0.1164878496406969E+00
           9    9.5    9.5   0.1043124404291584E+00
           9    9.5   10.5   0.9532758592199143E-01
          10    9.5    8.5  -0.1053620686506221E+00
          10    9.5    9.5  -0.9438466680810829E-01
          10    9.5   10.5  -0.8627822887331238E-01
          10   10.5    9.5   0.1044401019176914E+00
          10   10.5   10.5   0.9454663178992448E-01
          10   10.5   11.5   0.8703823062442698E-01
          11   10.5    9.5  -0.9532758592199143E-01
          11   10.5   10.5  -0.8633042054785302E-01
          11   10.5   11.5  -0.7949832505275453E-01
          11   11.5   10.5   0.9463890628020014E-01
          11   11.5   11.5   0.8644225306792611E-01
          11   11.5   12.5   0.8007517217447281E-01
          12   11.5   10.5  -0.8703823062442699E-01
          12   11.5   11.5  -0.7953105357618266E-01
          12   11.5   12.5  -0.7369674671965466E-01
          12   12.5   11.5   0.8651171202613679E-01
          12   12.5   12.5   0.7961064095480078E-01
          12   12.5   13.5   0.7414367793932668E-01
          13   12.5   11.5  -0.8007517217447278E-01
          13   12.5   12.5  -0.7371697344985653E-01
          13   12.5   13.5  -0.6867801190368812E-01
          13   13.5   12.5   0.7966476398129896E-01
          13   13.5   13.5   0.7377507270665574E-01
          13   13.5   14.5   0.6903032084006276E-01
          14   13.5   12.5  -0.7414367793932666E-01
          14   13.5   13.5  -0.6868998325795786E-01
          14   13.5   14.5  -0.6429492957694759E-01
          14   14.5   13.5   0.7381851277101488E-01
          14   14.5   14.5   0.6873332624961015E-01
          14   14.5   15.5   0.6457675175360711E-01
          15   14.5   13.5  -0.6903032084006276E-01
          15   14.5   14.5  -0.6430132761822517E-01
          15   14.5   15.5  -0.6043472360804691E-01
          15   15.5   14.5   0.6876909025306795E-01
          15   15.5   15.5   0.6433427259018146E-01
          15   15.5   16.5   0.6066300922308546E-01
          16   15.5   14.5  -0.6457675175360712E-01
          16   15.5   15.5  -0.6043729297035429E-01
          16   15.5   16.5  -0.5700962089927161E-01
          16   16.5   15.5   0.6436436883420928E-01
          16   16.5   16.5   0.6046274523582888E-01
          16   16.5   17.5   0.5719655155319486E-01
          17   16.5   15.5  -0.6066300922308547E-01
          17   16.5   16.5  -0.5700952527662986E-01
          17   16.5   17.5  -0.5395033752306051E-01
          17   17.5   16.5   0.6048855437509188E-01
          17   17.5   17.5   0.5702947158385096E-01
          17   17.5   18.5   0.5410484606383297E-01
          18   17.5   16.5  -0.5719655155319484E-01
          18   17.5   17.5  -0.5394836997700364E-01
          18   17.5   18.5  -0.5120148411311667E-01
          18   18.5   17.5   0.5705196735825741E-01
          18   18.5   18.5   0.5396419971167777E-01
          18   18.5   19.5   0.5133023857338000E-01
          19   18.5   17.5  -0.5410484606383296E-01
          19   18.5   18.5  -0.5119819518028115E-01
          19   18.5   19.5  -0.4871826743054689E-01
          19   19.5   18.5   0.5398408472201617E-01
          19   19.5   19.5   0.5121089945601508E-01
          19   19.5   20.5   0.4882632449662976E-01
          20   19.5   18.5  -0.5133023857338001E-01
          20   19.5   19.5  -0.4871404538419848E-01
          20   19.5   20.5  -0.4646408370987000E-01
          20   20.5   19.5   0.5122869116826580E-01
          20   20.5   20.5   0.4872434383960548E-01
          20   20.5   21.5   0.4655533265957722E-01
          21   20.5   19.5  -0.4882632449662975E-01
          21   20.5   20.5  -0.4645920611095392E-01
          21   20.5   21.5  -0.4440873630254539E-01
          21   21.5   20.5   0.4874043050614600E-01
          21   21.5   21.5   0.4646762964038706E-01
          21   21.5   22.5   0.4448620676359601E-01
          22   21.5   20.5  -0.4655533265957721E-01
          22   21.5   21.5  -0.4440340385076245E-01
          22   21.5   22.5  -0.4252709746853520E-01
          22   22.5   21.5   0.4648230752452144E-01
          22   22.5   22.5   0.4441034976580406E-01
          22   22.5   23.5   0.4259317668854935E-01
          23   22.5   21.5  -0.4448620676359601E-01
          23   22.5   22.5  -0.4252145667467203E-01
          23   22.5   23.5  -0.4079809090373929E-01
          23   23.5   22.5   0.4442384845184632E-01
          23   23.5   23.5   0.4252722620930753E-01
          23   23.5   24.5   0.4085467968085349E-01
          24   23.5   22.5  -0.4259317668854935E-01
          24   23.5   23.5  -0.4079224954699209E-01
          24   23.5   24.5  -0.3920390910423570E-01
          24   24.5   23.5   0.4253972614652472E-01
          24   24.5   24.5   0.4079707381360889E-01
          24   24.5   25.5   0.3925253537964353E-01
          25   24.5   23.5  -0.4085467968085348E-01
          25   24.5   24.5  -0.3919794694069217E-01
          25   24.5   25.5  -0.3772940488614477E-01
          25   25.5   24.5   0.4080871869288250E-01
          25   25.5   25.5   0.3920200518533962E-01
          25   25.5   26.5   0.3777130762946830E-01
          26   25.5   24.5  -0.3925253537964353E-01
          26   25.5   25.5  -0.3772338117561939E-01
          26   25.5   26.5  -0.3636161359913823E-01
          26   26.5   25.5   0.3921291081258707E-01
          26   26.5   26.5   0.3772681380796281E-01
          26   26.5   27.5   0.3639780553385127E-01
          27   26.5   25.5  -0.3777130762946830E-01
          27   26.5   26.5  -0.3635557246562195E-01
          27   26.5   27.5  -0.3508937450237602E-01
          27   27.5   26.5   0.3773707456123898E-01
          27   27.5   27.5   0.3635849048601991E-01
          27   27.5   28.5   0.3512068955020737E-01
          28   27.5   26.5  -0.3639780553385127E-01
          28   27.5   27.5  -0.3508334879746154E-01
          28   27.5   28.5  -0.3390302815206583E-01
          28   28.5   27.5   0.3636818407935107E-01
          28   28.5   28.5   0.3508584070297981E-01
          28   28.5   29.5   0.3393015770104781E-01
          29   28.5   27.5  -0.3512068955020738E-01
          29   28.5   28.5  -0.3389704226981814E-01
          29   28.5   29.5  -0.3279417261223137E-01
          29   29.5   28.5   0.3509503174609634E-01
          29   29.5   29.5   0.3389917917203232E-01
          29   29.5   30.5   0.3281769351412819E-01
          30   29.5   28.5  -0.3393015770104781E-01
          30   29.5   29.5  -0.3278824456045479E-01
          30   29.5   30.5  -0.3175546559343518E-01
          30   30.5   29.5   0.3390792186212850E-01
          30   30.5   30.5   0.3279008401881214E-01
          30   30.5   31.5   0.3177586197399715E-01
          31   30.5   29.5  -0.3281769351412821E-01
          31   30.5   30.5  -0.3174960853154718E-01
          31   30.5   31.5  -0.3078046275032267E-01
          31   31.5   30.5   0.3279842419866236E-01
          31   31.5   31.5   0.3175119745330768E-01
          31   31.5   32.5   0.3079814314402801E-01
          32   31.5   30.5  -0.3177586197399714E-01
          32   31.5   31.5  -0.3077468614057333E-01
          32   31.5   32.5  -0.2986348466924709E-01
          32   32.5   31.5   0.3175917420131172E-01
          32   32.5   32.5   0.3077606299501600E-01
          32   32.5   33.5   0.2987879558748984E-01
          33   32.5   31.5  -0.3079814314402800E-01
          33   32.5   32.5  -0.2985779514492157E-01
          33   32.5   33.5  -0.2899950678681233E-01
          33   33.5   32.5   0.3078370986563882E-01
          33   33.5   33.5   0.2985899166864743E-01
          33   33.5   34.5   0.2901274354147566E-01
          34   33.5   32.5  -0.2987879558748984E-01
          34   33.5   33.5  -0.2899390881140823E-01
          34   33.5   34.5  -0.2818406776252144E-01
          34   34.5   33.5   0.2986633766901665E-01
          34   34.5   34.5   0.2899495133237725E-01
          34   34.5   35.5   0.2819548316002563E-01
          35   34.5   33.5  -0.2901274354147566E-01
          35   34.5   34.5  -0.2817856413326336E-01
          35   34.5   35.5  -0.2741319279905597E-01
          35   35.5   34.5   0.2900202169781196E-01
          35   35.5   35.5   0.2817947460664302E-01
          35   35.5   36.5   0.2742300416934000E-01
          36   35.5   34.5  -0.2819548316002563E-01
          36   35.5   35.5  -0.2740778503359432E-01
          36   35.5   36.5  -0.2668332914402864E-01
          36   36.5   35.5   0.2818629142154024E-01
          36   36.5   36.5   0.2740858185795076E-01
          36   36.5   37.5   0.2669172405815760E-01
          37   36.5   35.5  -0.2742300416934000E-01
          37   36.5   36.5  -0.2667801777885109E-01
          37   36.5   37.5  -0.2599129157628758E-01
          37   37.5   36.5   0.2741516455670016E-01
          37   37.5   37.5   0.2667871644359903E-01
          37   37.5   38.5   0.2599843252417948E-01
          38   37.5   36.5  -0.2669172405815760E-01
          38   37.5   37.5  -0.2598607639796616E-01
          38   37.5   38.5  -0.2533421612077478E-01
          38   38.5   37.5   0.2668508221765857E-01
          38   38.5   38.5   0.2598669000022960E-01
          38   38.5   39.5   0.2534024435901038E-01
          39   38.5   37.5  -0.2599843252417948E-01
          39   38.5   38.5  -0.2532909634580757E-01
          39   38.5   39.5  -0.2470952057986106E-01
          39   39.5   38.5   0.2599285413122984E-01
          39   39.5   39.5   0.2532963600550938E-01
          39   39.5   40.5   0.2471455931310889E-01
          40   39.5   38.5  -0.2534024435901039E-01
          40   39.5   39.5  -0.2470449499495048E-01
          40   39.5   40.5  -0.2411487073911624E-01
          40   40.5   39.5   0.2533561213961740E-01
          40   40.5   40.5   0.2470497019006427E-01
          40   40.5   41.5   0.2411902776339542E-01
          41   40.5   39.5  -0.2471455931310889E-01
          41   40.5   40.5  -0.2410993781084170E-01
          41   40.5   41.5  -0.2354815131882960E-01
          41   41.5   40.5   0.2471077056537445E-01
          41   41.5   41.5   0.2411035664961962E-01
          41   41.5   42.5   0.2355152122778613E-01
          42   41.5   40.5  -0.2411902776339542E-01
          42   41.5   41.5  -0.2354330927953300E-01
          42   41.5   42.5  -0.2300744091217630E-01
          42   42.5   41.5   0.2411599228573055E-01
          42   42.5   42.5   0.2354367872268659E-01
          42   42.5   43.5   0.2301010694668758E-01
          43   42.5   41.5  -0.2355152122778612E-01
          43   42.5   42.5  -0.2300268782728105E-01
          43   42.5   43.5  -0.2249099028647821E-01
          43   43.5   42.5   0.2354915957964395E-01
          43   43.5   43.5   0.2300301387019558E-01
          43   43.5   44.5   0.2249302589170584E-01
          44   43.5   42.5  -0.2301010694668758E-01
          44   43.5   43.5  -0.2248632410726076E-01
          44   43.5   44.5  -0.2199720353294669E-01
          44   44.5   43.5   0.2300834898246722E-01
          44   44.5   44.5   0.2248661193012210E-01
          44   44.5   45.5   0.2199867367430572E-01
          45   44.5   43.5  -0.2249302589170584E-01
          45   44.5   44.5  -0.2199262213787050E-01
          45   44.5   45.5  -0.2152462163829692E-01
          45   45.5   44.5   0.2249180952010579E-01
          45   45.5   45.5   0.2199287622989844E-01
          45   45.5   46.5   0.2152558391786902E-01
          46   45.5   44.5  -0.2199867367430572E-01
          46   45.5   45.5  -0.2152012286532642E-01
          46   45.5   46.5  -0.2107190812306227E-01
          46   46.5   45.5   0.2199794380455880E-01
          46   46.5   46.5   0.2152034712801119E-01
          46   46.5   47.5   0.2107241373012442E-01
          47   46.5   45.5  -0.2152558391786903E-01
          47   46.5   46.5  -0.2106748979484524E-01
          47   46.5   47.5  -0.2063783644970394E-01
          47   47.5   46.5   0.2152529156153722E-01
          47   47.5   47.5   0.2106768762807873E-01
          47   47.5   48.5   0.2063793097280227E-01
          48   47.5   46.5  -0.2107241373012443E-01
          48   47.5   47.5  -0.2063349639310233E-01
          48   47.5   48.5  -0.2022127895134646E-01
          48   48.5   47.5   0.2107251523289871E-01
          48   48.5   48.5   0.2063367076731268E-01
          48   48.5   49.5   0.2022100307436182E-01
          49   48.5   47.5  -0.2063793097280226E-01
          49   48.5   48.5  -0.2021701501248148E-01
          49   48.5   49.5  -0.1982119707124774E-01
          49   49.5   48.5   0.2063838735536637E-01
          49   49.5   49.5   0.2021716852926591E-01
          49   49.5   50.5   0.1982058717189921E-01
          50   49.5   48.5  -0.2022100307436182E-01
          50   49.5   49.5  -0.1981700712697930E-01
          50   49.5   50.5  -0.1943663273556262E-01
          50   50.5   49.5   0.2022177946508548E-01
          50   50.5   50.5   0.1981714207024720E-01
          50   50.5   51.5   0.1943572140157107E-01
          51   50.5   49.5  -0.1982058717189921E-01
          51   50.5   50.5  -0.1943251470213282E-01
          51   50.5   51.5  -0.1906670070887611E-01
          51   51.5   50.5   0.1982165231712115E-01
          51   51.5   51.5   0.1943263308138870E-01
          51   51.5   52.5   0.1906551718439829E-01
          52   51.5   50.5  -0.1943572140157107E-01
          52   51.5   51.5  -0.1906265254829640E-01
          52   51.5   52.5  -0.1871058180439369E-01
          52   52.5   51.5   0.1943704724165966E-01
          52   52.5   52.5   0.1906275613538822E-01
          52   52.5   53.5   0.1870915237721328E-01
          53   52.5   51.5  -0.1906551718439829E-01
          53   52.5   52.5  -0.1870660152903753E-01
          53   52.5   53.5  -0.1836751683940365E-01
          53   53.5   52.5   0.1906707848575525E-01
          53   53.5   53.5   0.1870669188945283E-01
          53   53.5   54.5   0.1836586517763138E-01
          54   53.5   52.5  -0.1870915237721328E-01
          54   53.5   53.5  -0.1836360251517398E-01
          54   53.5   54.5  -0.1803680124233223E-01
          54   54.5   53.5   0.1871092641200358E-01
          54   54.5   54.5   0.1836368103477157E-01
          54   54.5   55.5   0.1803494868794433E-01
          55   54.5   53.5  -0.1836586517763138E-01
          55   54.5   54.5  -0.1803295099069869E-01
          55   54.5   55.5  -0.1771778023092532E-01
          55   55.5   54.5   0.1836783144434970E-01
          55   55.5   55.5   0.1803301889860638E-01
          55   55.5   56.5   0.1771574605629929E-01
          56   55.5   54.5  -0.1803494868794433E-01
          56   55.5   55.5  -0.1771399223006822E-01
          56   55.5   56.5  -0.1740984449224576E-01
          56   56.5   55.5   0.1803708866702299E-01
          56   56.5   56.5   0.1771405061834992E-01
          56   56.5   57.5   0.1740764612488540E-01
          57   56.5   55.5  -0.1771574605629930E-01
          57   56.5   56.5  -0.1740611697749685E-01
          57   56.5   57.5  -0.1711242630462036E-01
          57   57.5   56.5   0.1771804299586727E-01
          57   57.5   57.5   0.1740616681808923E-01
          57   57.5   58.5   0.1711007952446000E-01
          58   57.5   56.5  -0.1740764612488539E-01
          58   57.5   57.5  -0.1710875756835312E-01
          58   57.5   58.5  -0.1682499604969281E-01
          58   58.5   57.5   0.1741008485253920E-01
          58   58.5   58.5   0.1710879972768776E-01
          58   58.5   59.5   0.1682251516270437E-01
          59   58.5   57.5  -0.1711007952446000E-01
          59   58.5   58.5  -0.1682138444078526E-01
          59   58.5   59.5  -0.1654705906957188E-01
          59   59.5   58.5   0.1711264628153248E-01
          59   59.5   59.5   0.1682141969244317E-01
          59   59.5   60.5   0.1654445706084149E-01
          60   59.5   58.5  -0.1682251516270437E-01
          60   59.5   59.5  -0.1654350299254069E-01
          60   59.5   60.5  -0.1627815282990138E-01
          60   60.5   59.5   0.1682519745803994E-01
          60   60.5   60.5   0.1654353202822992E-01
          60   60.5   61.5   0.1627544149887659E-01
          61   60.5   59.5  -0.1654445706084149E-01
          61   60.5   60.5  -0.1627465074378684E-01
          61   60.5   61.5  -0.1601784435467694E-01
          61   61.5   60.5   0.1654724354152411E-01
          61   61.5   61.5   0.1627467418288661E-01
          61   61.5   62.5   0.1601503443489456E-01
          62   61.5   60.5  -0.1627544149887659E-01
          62   61.5   61.5  -0.1601439477174277E-01
          62   61.5   62.5  -0.1576572790292840E-01
          62   62.5   61.5   0.1627832183572479E-01
          62   62.5   62.5   0.1601441316961966E-01
          62   62.5   63.5   0.1576282916820330E-01
          63   62.5   61.5  -0.1601503443489456E-01
          63   62.5   62.5  -0.1576232938722766E-01
          63   62.5   63.5  -0.1552142286108187E-01
          63   63.5   62.5   0.1601799922084805E-01
          63   63.5   63.5   0.1576234324249697E-01
          63   63.5   64.5   0.1551844421985908E-01
          64   63.5   62.5  -0.1576282916820331E-01
          64   63.5   63.5  -0.1551807402693014E-01
          64   63.5   64.5  -0.1528457182800540E-01
          64   64.5   63.5   0.1576586982798756E-01
          64   64.5   64.5   0.1551808378780914E-01
          64   64.5   65.5   0.1528152140734214E-01
          65   64.5   63.5  -0.1551844421985907E-01
          65   64.5   64.5  -0.1528127133839419E-01
          65   64.5   65.5  -0.1505483887250163E-01
          65   65.5   64.5   0.1552155292953708E-01
          65   65.5   65.5   0.1528127740827180E-01
          65   65.5   66.5   0.1505172409294602E-01
          66   65.5   64.5  -0.1528152140734214E-01
          66   65.5   65.5  -0.1505158543747812E-01
          66   65.5   66.5  -0.1483190794540278E-01
          66   66.5   65.5   0.1528469102255094E-01
          66   66.5   66.5   0.1505158817980678E-01
          66   66.5   67.5   0.1482873558786534E-01
          67   66.5   65.5  -0.1505172409294602E-01
          67   66.5   66.5  -0.1482870032043663E-01
          67   66.5   67.5  -0.1461548143050257E-01
          67   67.5   66.5   0.1505494808477656E-01
          67   67.5   67.5   0.1482870006303697E-01
          67   67.5   68.5   0.1461225769607168E-01
          68   67.5   66.5  -0.1482873558786534E-01
          68   67.5   67.5  -0.1461231841485619E-01
          68   67.5   68.5  -0.1440527882036995E-01
          68   68.5   67.5   0.1483200798548196E-01
          68   68.5   68.5   0.1461231545371152E-01
          68   68.5   69.5   0.1440200938389799E-01
          69   68.5   67.5  -0.1461225769607168E-01
          69   68.5   68.5  -0.1440215925548508E-01
          69   68.5   69.5  -0.1420103550466970E-01
          69   69.5   68.5   0.1461557303528467E-01
          69   69.5   69.5   0.1440215385809200E-01
          69   69.5   70.5   0.1419772556284979E-01
          70   69.5   68.5  -0.1440200938389799E-01
          70   69.5   69.5  -0.1419795827258002E-01
          70   69.5   70.5  -0.1400250165999620E-01
          70   70.5   69.5   0.1440536266100410E-01
          70   70.5   70.5   0.1419795068091192E-01
          70   70.5   71.5   0.1399915597455818E-01
          71   70.5   69.5  -0.1419772556284979E-01
          71   70.5   70.5  -0.1399946568177350E-01
          71   70.5   71.5  -0.1380944123143737E-01
          71   71.5   70.5   0.1420111219314203E-01
          71   71.5   71.5   0.1399945611490608E-01
          71   71.5   72.5   0.1380606416801255E-01
          72   71.5   70.5  -0.1399915597455818E-01
          72   71.5   71.5  -0.1380644546567701E-01
          72   71.5   72.5  -0.1362163099714828E-01
          72   72.5   71.5   0.1400257175498126E-01
          72   72.5   72.5   0.1380643412211772E-01
          72   72.5   73.5   0.1361822656028449E-01
          73   72.5   71.5  -0.1380606416801255E-01
          73   72.5   72.5  -0.1361867443849786E-01
          73   72.5   73.5  -0.1343885970814863E-01
          73   73.5   72.5   0.1380950524350484E-01
          73   73.5   73.5   0.1361866149825608E-01
          73   73.5   74.5   0.1343543157289812E-01
          74   73.5   72.5  -0.1361822656028449E-01
          74   73.5   73.5  -0.1343594138588272E-01
          74   73.5   74.5  -0.1326092729638133E-01
          74   74.5   73.5   0.1362168939340331E-01
          74   74.5   74.5   0.1343592701231198E-01
          74   74.5   75.5   0.1325747883683325E-01
          75   74.5   73.5  -0.1343543157289812E-01
          75   74.5   74.5  -0.1325804627302417E-01
          75   74.5   75.5  -0.1308764414479668E-01
          75   75.5   74.5   0.1343891291637382E-01
          75   75.5   75.5   0.1325803061446398E-01
          75   75.5   76.5   0.1308417845988118E-01
          76   75.5   74.5  -0.1325747883683325E-01
          76   75.5   75.5  -0.1308479951479373E-01
          76   75.5   76.5  -0.1291883041386850E-01
          76   76.5   75.5   0.1326097570873926E-01
          76   76.5   76.5   0.1308478270603479E-01
          76   76.5   77.5   0.1291535035072142E-01
          77   76.5   75.5  -0.1308417845988118E-01
          77   76.5   76.5  -0.1291602130230733E-01
          77   76.5   77.5  -0.1275431541951816E-01
          77   77.5   76.5   0.1308768812114451E-01
          77   77.5   77.5   0.1291600346590088E-01
          77   77.5   78.5   0.1275082359466128E-01
          78   77.5   76.5  -0.1291535035072142E-01
          78   77.5   77.5  -0.1275154098089854E-01
          78   77.5   78.5  -0.1259393705792682E-01
          78   78.5   77.5   0.1291887028472938E-01
          78   78.5   78.5   0.1275152222832796E-01
          78   78.5   79.5   0.1259043587648944E-01
          79   78.5   77.5  -0.1275082359466128E-01
          79   78.5   78.5  -0.1259119647497939E-01
          79   78.5   79.5  -0.1243754127316457E-01
          79   79.5   78.5   0.1275435148874872E-01
          79   79.5   79.5   0.1259117690770980E-01
          79   79.5   80.5   0.1243403294634671E-01
          80   79.5   78.5  -0.1259043587648944E-01
          80   79.5   79.5  -0.1243483375571746E-01
          80   79.5   80.5  -0.1228498156396437E-01
          80   80.5   79.5   0.1259396960511485E-01
          80   80.5   80.5   0.1243481346613728E-01
          80   80.5   81.5   0.1228146812491914E-01
          81   80.5   79.5  -0.1243403294634671E-01
          81   80.5   80.5  -0.1228230634785651E-01
          81   80.5   81.5  -0.1213611852632399E-01
          81   81.5   80.5   0.1243757055578715E-01
          81   81.5   81.5   0.1228228542012298E-01
          81   81.5   82.5   0.1213260184461709E-01
          82   81.5   80.5  -0.1228146812491914E-01
          82   81.5   81.5  -0.1213347487236403E-01
          82   81.5   82.5  -0.1199081942893651E-01
          82   82.5   81.5   0.1228500781933275E-01
          82   82.5   82.5   0.1213345338316346E-01
          82   82.5   83.5   0.1198730122372347E-01
          83   82.5   81.5  -0.1213260184461709E-01
          83   82.5   82.5  -0.1198820662190587E-01
          83   82.5   83.5  -0.1184895781873340E-01
          83   83.5   82.5   0.1213614197333840E-01
          83   83.5   83.5   0.1198818464113795E-01
          83   83.5   84.5   0.1184543967078000E-01
          84   83.5   82.5  -0.1198730122372347E-01
          84   83.5   83.5  -0.1184637516643215E-01
          84   83.5   84.5  -0.1171041315407819E-01
          84   84.5   83.5   0.1199084026967149E-01
          84   84.5   84.5   0.1184635275782654E-01
          84   84.5   85.5   0.1170689651673579E-01
          85   84.5   83.5  -0.1184543967078000E-01
          85   84.5   84.5  -0.1170785998641213E-01
          85   84.5   85.5  -0.1157507046337575E-01
          85   85.5   84.5   0.1184897623987154E-01
          85   85.5   85.5   0.1170783720808466E-01
          85   85.5   86.5   0.1157155667261168E-01
          86   85.5   84.5  -0.1170689651673579E-01
          86   85.5   85.5  -0.1157254613148314E-01
          86   85.5   86.5  -0.1144282002706651E-01
          86   86.5   85.5   0.1171042932820841E-01
          86   86.5   86.5   0.1157252303643806E-01
          86   86.5   87.5   0.1143931031063897E-01
          87   86.5   85.5  -0.1157155667261168E-01
          87   86.5   86.5  -0.1144032390248306E-01
          87   86.5   87.5  -0.1131355708115818E-01
          87   87.5   86.5   0.1157508455017005E-01
          87   87.5   87.5   0.1144030053906694E-01
          87   87.5   88.5   0.1131005256701594E-01
          88   87.5   86.5  -0.1143931031063897E-01
          88   87.5   87.5  -0.1131108855501860E-01
          88   87.5   88.5  -0.1118718154061253E-01
          88   88.5   87.5   0.1144283217434786E-01
          88   88.5   88.5   0.1131106496733108E-01
          88   88.5   89.5   0.1118368326459118E-01
          89   88.5   87.5  -0.1131005256701594E-01
          89   88.5   88.5  -0.1118474002288716E-01
          89   88.5   89.5  -0.1106359774105299E-01
          89   89.5   88.5   0.1131356742587057E-01
          89   89.5   89.5   0.1118471625115280E-01
          89   89.5   90.5   0.1106010665393271E-01
          90   89.5   88.5  -0.1118368326459118E-01
          90   89.5   89.5  -0.1106118265981806E-01
          90   89.5   90.5  -0.1094271419739340E-01
          90   90.5   89.5   0.1118719020970305E-01
          90   90.5   90.5   0.1106115874072352E-01
          90   90.5   91.5   0.1093923117137607E-01
          91   90.5   89.5  -0.1106010665393271E-01
          91   90.5   90.5  -0.1094032499813343E-01
          91   90.5   91.5  -0.1082444337810846E-01
          91   91.5   90.5   0.1106360485227477E-01
          91   91.5   91.5   0.1094030096513323E-01
          91   91.5   92.5   0.1082096921276660E-01
          92   91.5   90.5  -0.1093923117137607E-01
          92   91.5   91.5  -0.1082207952304932E-01
          92   91.5   92.5  -0.1070870149397631E-01
          92   92.5   91.5   0.1094271986003717E-01
          92   92.5   92.5   0.1082205540664356E-01
          92   92.5   93.5   0.1070523692172096E-01
          93   92.5   91.5  -0.1082096921276660E-01
          93   92.5   92.5  -0.1070636246144763E-01
          93   92.5   93.5  -0.1059540830022224E-01
          93   93.5   92.5   0.1082444769366973E-01
          93   93.5   93.5   0.1070633828943435E-01
          93   93.5   94.5   0.1059195399133238E-01
          94   93.5   92.5  -0.1070523692172096E-01
          94   93.5   93.5  -0.1059309358404783E-01
          94   93.5   94.5  -0.1048448691108228E-01
          94   94.5   93.5   0.1070870455676446E-01
          94   94.5   94.5   0.1059306938175248E-01
          94   94.5   95.5   0.1048104347833414E-01
          95   94.5   93.5  -0.1059195399133238E-01
          95   94.5   94.5  -0.1048219601999723E-01
          95   94.5   95.5  -0.1037586362588663E-01
          95   95.5   94.5   0.1059541019791694E-01
          95   95.5   95.5   0.1048217181048157E-01
          95   95.5   96.5   0.1037243162881772E-01
          96   95.5   94.5  -0.1048104347833414E-01
          96   95.5   95.5  -0.1037359608297991E-01
          96   95.5   96.5  -0.1026946776583672E-01
          96   96.5   95.5   0.1048448772524244E-01
          96   96.5   96.5   0.1037357188723232E-01
          96   96.5   97.5   0.1026604771467600E-01
          97   96.5   95.5  -0.1037243162881772E-01
          97   96.5   96.5  -0.1026722310801804E-01
          97   96.5   97.5  -0.1016523152071661E-01
          97   97.5   96.5   0.1037586343241617E-01
          97   97.5   97.5   0.1026719894512696E-01
          97   97.5   98.5   0.1016182388000924E-01
          98   97.5   96.5  -0.1026604771467600E-01
          98   97.5   97.5  -0.1016300929820649E-01
          98   97.5   98.5  -0.1006308980484053E-01
          98   98.5   97.5   0.1026946663541132E-01
          98   98.5   98.5   0.1016298518551863E-01
          98   98.5   99.5   0.1005969499679307E-01
          99   98.5   97.5  -0.1016182388000924E-01
          99   98.5   98.5  -0.1006088958068233E-01
          99   98.5   99.5  -0.9962980121593752E-02
          99   99.5   98.5   0.1016522951917489E-01
          99   99.5   99.5   0.1006086553394715E-01
          99   99.5  100.5   0.9959598529163283E-02
         100   99.5   98.5  -0.1005969499679307E-01
         100   99.5   99.5  -0.9960801471186873E-02
         100   99.5  100.5  -0.9864842435974819E-02
         100  100.5   99.5   0.1006308699354302E-01
         100  100.5  100.5   0.9960777504688484E-02
         100  100.5  101.5   0.9861474405723252E-02
